0.000000000000000000e+00
0.000000000000000000e+00
0.000000000000000000e+00
0.000000000000000000e+00
0.000000000000000000e+00
0.000000000000000000e+00
0.000000000000000000e+00
0.000000000000000000e+00
0.000000000000000000e+00
0.000000000000000000e+00
0.000000000000000000e+00
0.000000000000000000e+00
0.000000000000000000e+00
0.000000000000000000e+00
0.000000000000000000e+00
0.000000000000000000e+00
0.000000000000000000e+00
0.000000000000000000e+00
0.000000000000000000e+00
0.000000000000000000e+00
0.000000000000000000e+00
0.000000000000000000e+00
0.000000000000000000e+00
0.000000000000000000e+00
0.000000000000000000e+00
0.000000000000000000e+00
0.000000000000000000e+00
0.000000000000000000e+00
0.000000000000000000e+00
0.000000000000000000e+00
0.000000000000000000e+00
0.000000000000000000e+00
0.000000000000000000e+00
0.000000000000000000e+00
0.000000000000000000e+00
0.000000000000000000e+00
0.000000000000000000e+00
0.000000000000000000e+00
0.000000000000000000e+00
0.000000000000000000e+00
0.000000000000000000e+00
0.000000000000000000e+00
0.000000000000000000e+00
0.000000000000000000e+00
0.000000000000000000e+00
0.000000000000000000e+00
0.000000000000000000e+00
0.000000000000000000e+00
0.000000000000000000e+00
0.000000000000000000e+00
0.000000000000000000e+00
0.000000000000000000e+00
0.000000000000000000e+00
0.000000000000000000e+00
0.000000000000000000e+00
0.000000000000000000e+00
0.000000000000000000e+00
0.000000000000000000e+00
0.000000000000000000e+00
0.000000000000000000e+00
0.000000000000000000e+00
0.000000000000000000e+00
0.000000000000000000e+00
0.000000000000000000e+00
0.000000000000000000e+00
0.000000000000000000e+00
0.000000000000000000e+00
0.000000000000000000e+00
0.000000000000000000e+00
0.000000000000000000e+00
0.000000000000000000e+00
0.000000000000000000e+00
0.000000000000000000e+00
0.000000000000000000e+00
0.000000000000000000e+00
0.000000000000000000e+00
0.000000000000000000e+00
0.000000000000000000e+00
0.000000000000000000e+00
0.000000000000000000e+00
0.000000000000000000e+00
0.000000000000000000e+00
0.000000000000000000e+00
0.000000000000000000e+00
0.000000000000000000e+00
0.000000000000000000e+00
0.000000000000000000e+00
0.000000000000000000e+00
0.000000000000000000e+00
0.000000000000000000e+00
0.000000000000000000e+00
0.000000000000000000e+00
0.000000000000000000e+00
0.000000000000000000e+00
0.000000000000000000e+00
0.000000000000000000e+00
0.000000000000000000e+00
0.000000000000000000e+00
0.000000000000000000e+00
0.000000000000000000e+00
-6.231099999999999833e-02
1.536299999999999888e-01
-7.075399999999999745e-02
-8.517700000000000271e-02
-2.025499999999999870e-02
1.314800000000000135e-01
5.733599999999999808e-02
1.092999999999999944e-01
1.194000000000000061e-01
3.332700000000000107e-01
6.872599999999999543e-02
2.040599999999999914e-01
3.643399999999999972e-01
1.015800000000000036e-01
3.795299999999999785e-01
3.536799999999999944e-01
2.180199999999999916e-01
4.141699999999999826e-01
3.163199999999999901e-01
3.298099999999999921e-01
5.906599999999999628e-01
3.817200000000000037e-01
2.881500000000000172e-01
2.966799999999999993e-01
4.542599999999999971e-01
4.014400000000000190e-01
3.037900000000000045e-01
4.718700000000000117e-01
6.281999999999999806e-01
6.181900000000000173e-01
4.352300000000000058e-01
4.341900000000000204e-01
4.240399999999999725e-01
6.508899999999999686e-01
5.834799999999999986e-01
6.314699999999999758e-01
4.843899999999999872e-01
5.917799999999999727e-01
6.923099999999999810e-01
7.625399999999999956e-01
6.290099999999999580e-01
6.836600000000000454e-01
8.845399999999999929e-01
5.940699999999999870e-01
7.452100000000000390e-01
7.077700000000000102e-01
7.502900000000000125e-01
7.801200000000000356e-01
7.274199999999999555e-01
7.843599999999999461e-01
8.378600000000000492e-01
1.034699999999999953e+00
7.513199999999999878e-01
9.614300000000000068e-01
9.365400000000000391e-01
7.894600000000000506e-01
9.890600000000000502e-01
8.602800000000000447e-01
8.651200000000000001e-01
9.128500000000000503e-01
8.897300000000000209e-01
6.814500000000000002e-01
8.497200000000000308e-01
8.591100000000000403e-01
9.169699999999999518e-01
8.737000000000000322e-01
1.082200000000000051e+00
1.018999999999999906e+00
1.170600000000000085e+00
8.969099999999999850e-01
1.052300000000000013e+00
9.051700000000000301e-01
1.071700000000000097e+00
8.496700000000000363e-01
1.020899999999999919e+00
1.036499999999999977e+00
8.491999999999999549e-01
8.516599999999999726e-01
9.484399999999999498e-01
1.026599999999999957e+00
8.961700000000000221e-01
8.401100000000000234e-01
8.604699999999999571e-01
8.650700000000000056e-01
1.018499999999999961e+00
1.047700000000000076e+00
1.106899999999999995e+00
8.677500000000000213e-01
1.051199999999999912e+00
9.805099999999999927e-01
9.395700000000000163e-01
9.507299999999999640e-01
1.002899999999999903e+00
9.022900000000000365e-01
1.025900000000000034e+00
8.921099999999999586e-01
9.005400000000000071e-01
1.084200000000000053e+00
1.229500000000000037e+00
8.745300000000000296e-01
8.991799999999999793e-01
9.453399999999999581e-01
1.049199999999999910e+00
6.751700000000000479e-01
7.658300000000000107e-01
9.648700000000000054e-01
1.010199999999999987e+00
8.062099999999999822e-01
9.933400000000000007e-01
7.544399999999999995e-01
7.212100000000000177e-01
9.311099999999999932e-01
8.825100000000000167e-01
7.863200000000000189e-01
7.562600000000000433e-01
1.056799999999999962e+00
8.313399999999999679e-01
7.304100000000000037e-01
7.656800000000000272e-01
8.785300000000000331e-01
6.815799999999999637e-01
8.373300000000000187e-01
7.879000000000000448e-01
8.128999999999999559e-01
7.395599999999999952e-01
7.088700000000000001e-01
7.405699999999999505e-01
7.117299999999999738e-01
4.428599999999999759e-01
5.767600000000000504e-01
6.105399999999999716e-01
7.244399999999999729e-01
5.319300000000000139e-01
5.774500000000000188e-01
5.343299999999999716e-01
6.059299999999999686e-01
4.742100000000000204e-01
6.352999999999999758e-01
5.818100000000000493e-01
4.355600000000000027e-01
6.084100000000000064e-01
5.221400000000000485e-01
3.978300000000000169e-01
3.246999999999999886e-01
5.238800000000000123e-01
3.735200000000000187e-01
4.349299999999999833e-01
2.606399999999999828e-01
4.498500000000000276e-01
2.714900000000000091e-01
3.489200000000000079e-01
2.586899999999999755e-01
2.601600000000000024e-01
3.350199999999999845e-01
3.744500000000000051e-01
1.884000000000000119e-01
1.362400000000000000e-01
1.117100000000000037e-01
-4.542700000000000210e-03
8.899799999999999378e-02
1.557700000000000057e-02
9.713600000000000012e-02
2.188299999999999967e-01
1.284700000000000009e-01
-1.675999999999999990e-01
-1.991400000000000114e-01
-8.439499999999999780e-02
-5.411200000000000038e-02
-6.108999999999999847e-02
-9.448599999999999707e-03
2.933699999999999850e-02
3.728399999999999770e-02
-2.081899999999999862e-01
-1.259500000000000064e-01
-1.703000000000000069e-01
-2.452600000000000058e-01
-1.275000000000000022e-01
-2.541100000000000025e-01
-3.036900000000000155e-01
-2.108099999999999974e-01
-2.436300000000000132e-01
-4.605099999999999749e-01
-4.439600000000000213e-01
-5.086600000000000010e-01
-2.889800000000000146e-01
-2.664900000000000047e-01
-4.799599999999999977e-01
-3.333099999999999952e-01
-4.012100000000000111e-01
-3.795399999999999885e-01
-3.787800000000000056e-01
-4.236599999999999810e-01
-4.601299999999999835e-01
-4.218799999999999772e-01
-5.384799999999999587e-01
-4.958500000000000130e-01
-4.594400000000000150e-01
-7.173500000000000432e-01
-6.975799999999999779e-01
-4.575400000000000023e-01
-6.408099999999999907e-01
-7.320400000000000240e-01
-4.845499999999999807e-01
-8.511900000000000022e-01
-5.190900000000000514e-01
-4.141799999999999926e-01
-7.040999999999999481e-01
-5.858299999999999619e-01
-8.088600000000000234e-01
-8.129999999999999449e-01
-6.415399999999999991e-01
-7.453400000000000025e-01
-9.245600000000000485e-01
-7.209999999999999742e-01
-6.649899999999999700e-01
-8.356000000000000094e-01
-6.796900000000000164e-01
-8.284099999999999797e-01
-7.918600000000000083e-01
-8.660799999999999610e-01
-8.598999999999999977e-01
-9.328999999999999515e-01
-7.817699999999999649e-01
-8.566700000000000426e-01
-8.210899999999999865e-01
-8.394300000000000095e-01
-1.018399999999999972e+00
-9.591600000000000126e-01
-8.901700000000000168e-01
-9.955300000000000260e-01
-7.980300000000000171e-01
-8.684100000000000152e-01
-1.063600000000000101e+00
-9.243099999999999650e-01
-1.176700000000000079e+00
-8.954800000000000537e-01
-8.892900000000000249e-01
-1.030699999999999950e+00
-9.093599999999999461e-01
-1.083099999999999952e+00
-1.000099999999999989e+00
-9.866300000000000070e-01
-1.054599999999999982e+00
-9.804800000000000182e-01
-1.020599999999999952e+00
-1.105599999999999916e+00
-9.595099999999999740e-01
-9.574500000000000233e-01
-9.885300000000000198e-01
-9.863699999999999690e-01
-9.327999999999999625e-01
-9.624599999999999822e-01
-8.563300000000000356e-01
-1.187699999999999978e+00
-9.075299999999999478e-01
-9.049399999999999666e-01
-1.044300000000000006e+00
-9.181300000000000017e-01
-9.957599999999999785e-01
-1.054100000000000037e+00
-9.906500000000000306e-01
-9.398400000000000087e-01
-9.922100000000000364e-01
-1.061700000000000088e+00
-1.233100000000000085e+00
-1.041299999999999892e+00
-9.724699999999999456e-01
-9.184799999999999631e-01
-9.795000000000000373e-01
-9.647400000000000420e-01
-9.464099999999999735e-01
-1.028499999999999970e+00
-9.190599999999999881e-01
-8.009600000000000053e-01
-9.088100000000000067e-01
-9.071399999999999464e-01
-9.769400000000000306e-01
-7.182500000000000551e-01
-7.478200000000000403e-01
-8.657599999999999740e-01
-8.697099999999999831e-01
-6.861699999999999466e-01
-8.175599999999999534e-01
-7.331800000000000539e-01
-9.375400000000000400e-01
-8.685100000000000042e-01
-6.876600000000000490e-01
-7.379900000000000349e-01
-6.974700000000000344e-01
-5.317699999999999649e-01
-5.349000000000000421e-01
-5.241900000000000448e-01
-6.230200000000000182e-01
-7.152899999999999814e-01
-5.515700000000000047e-01
-6.962199999999999500e-01
-5.264199999999999990e-01
-6.833500000000000130e-01
-6.414400000000000102e-01
-6.905999999999999917e-01
-4.780300000000000105e-01
-4.474799999999999889e-01
-6.710199999999999498e-01
-4.442099999999999937e-01
-5.191400000000000459e-01
-5.211299999999999821e-01
-5.283600000000000518e-01
-5.355299999999999505e-01
-5.352200000000000291e-01
-4.154300000000000215e-01
-3.220999999999999974e-01
-4.793499999999999983e-01
-3.103400000000000047e-01
-4.230300000000000171e-01
-3.926999999999999935e-01
-3.495199999999999974e-01
-3.694100000000000161e-01
-3.677099999999999813e-01
-2.768399999999999750e-01
-1.813800000000000134e-01
-3.214799999999999880e-01
-1.211300000000000016e-01
-8.507599999999999885e-02
-1.046900000000000053e-01
-2.371199999999999974e-01
-1.748899999999999899e-01
8.953400000000000247e-02
-2.288999999999999924e-01
-7.256400000000000350e-02
-2.244399999999999867e-02
-1.952000000000000124e-01
-7.416200000000000570e-02
1.031800000000000078e-02
-1.021200000000000024e-01
5.144599999999999868e-02
7.613699999999999635e-02
-5.262599999999999917e-02
8.294100000000000084e-02
1.388099999999999924e-02
1.456199999999999994e-01
-9.987699999999999356e-02
3.150600000000000067e-01
1.692700000000000038e-01
4.561699999999999783e-02
2.898200000000000220e-01
1.738800000000000068e-01
6.684299999999999964e-02
3.936999999999999944e-01
3.508999999999999897e-01
5.899299999999999544e-01
2.005300000000000138e-01
3.540300000000000114e-01
3.130100000000000104e-01
3.401399999999999979e-01
2.213700000000000112e-01
3.763099999999999778e-01
4.021899999999999920e-01
5.603399999999999492e-01
3.840899999999999870e-01
4.935100000000000042e-01
4.327900000000000080e-01
4.832600000000000229e-01
4.083499999999999908e-01
5.733599999999999808e-01
5.198800000000000088e-01
6.606300000000000505e-01
6.424299999999999455e-01
5.957999999999999963e-01
6.150200000000000111e-01
8.372800000000000242e-01
5.266600000000000170e-01
5.509800000000000253e-01
7.377700000000000369e-01
7.402999999999999581e-01
7.551999999999999824e-01
6.870199999999999640e-01
6.645900000000000141e-01
5.483400000000000496e-01
6.494199999999999973e-01
6.172400000000000109e-01
8.226599999999999469e-01
8.694600000000000106e-01
8.328600000000000447e-01
8.489600000000000479e-01
9.073600000000000554e-01
9.365900000000000336e-01
8.688700000000000312e-01
1.112800000000000011e+00
7.904299999999999660e-01
6.951500000000000457e-01
7.169200000000000017e-01
9.230800000000000116e-01
7.913299999999999779e-01
1.068000000000000060e+00
9.094900000000000206e-01
8.736899999999999666e-01
1.014899999999999913e+00
8.655699999999999505e-01
9.336200000000000054e-01
1.038999999999999924e+00
9.470800000000000329e-01
9.425000000000000044e-01
9.805700000000000527e-01
1.089199999999999946e+00
9.393799999999999928e-01
1.065199999999999925e+00
1.134100000000000108e+00
8.785699999999999621e-01
1.052999999999999936e+00
1.222099999999999964e+00
9.979700000000000237e-01
1.007100000000000106e+00
1.031300000000000106e+00
9.330899999999999750e-01
9.000899999999999457e-01
1.159200000000000008e+00
9.393299999999999983e-01
9.182700000000000307e-01
9.308800000000000407e-01
1.124400000000000066e+00
1.093900000000000095e+00
9.788499999999999979e-01
1.063399999999999901e+00
9.886700000000000488e-01
7.510499999999999954e-01
9.379999999999999449e-01
8.952299999999999702e-01
9.580600000000000227e-01
8.965100000000000291e-01
9.588999999999999746e-01
1.073099999999999943e+00
9.496099999999999541e-01
8.999599999999999822e-01
9.787599999999999634e-01
9.918799999999999839e-01
1.038200000000000012e+00
1.009500000000000064e+00
9.716799999999999882e-01
9.445999999999999952e-01
1.138400000000000079e+00
8.821999999999999842e-01
8.756300000000000194e-01
8.161100000000000021e-01
8.404800000000000049e-01
8.588200000000000278e-01
9.238600000000000145e-01
7.660000000000000142e-01
9.305499999999999883e-01
8.523600000000000065e-01
7.892000000000000126e-01
7.440299999999999692e-01
7.741000000000000103e-01
7.052000000000000490e-01
8.696599999999999886e-01
7.569099999999999717e-01
8.243399999999999617e-01
5.634700000000000264e-01
5.316400000000000015e-01
7.968499999999999472e-01
7.953099999999999614e-01
5.684200000000000363e-01
4.861800000000000010e-01
8.933400000000000230e-01
6.881000000000000449e-01
6.890399999999999858e-01
7.203800000000000203e-01
5.212499999999999911e-01
4.915900000000000269e-01
4.983199999999999852e-01
4.735800000000000010e-01
4.297300000000000009e-01
5.848900000000000210e-01
4.756400000000000072e-01
5.502799999999999914e-01
6.344899999999999984e-01
5.423799999999999732e-01
6.360299999999999843e-01
4.541000000000000036e-01
3.567100000000000271e-01
4.057100000000000151e-01
2.623500000000000276e-01
3.730600000000000027e-01
2.754900000000000126e-01
3.918699999999999961e-01
3.443599999999999994e-01
3.199299999999999922e-01
1.629700000000000037e-01
1.885100000000000109e-01
1.310999999999999943e-01
6.144299999999999762e-02
4.253500000000000059e-01
4.825200000000000322e-02
9.580900000000000527e-02
1.686600000000000044e-01
7.834399999999999697e-02
1.667099999999999971e-01
-1.952600000000000169e-02
3.305400000000000005e-02
-4.034999999999999698e-02
-2.407400000000000165e-02
-1.286700000000000066e-01
7.594499999999999862e-02
-2.852899999999999794e-03
-2.473200000000000121e-01
-5.181600000000000095e-02
-8.454799999999999816e-02
-8.444400000000000517e-02
-2.291300000000000003e-01
-2.400899999999999979e-01
-3.859099999999999753e-01
-2.522099999999999898e-01
-3.404800000000000049e-01
-2.801500000000000101e-01
-1.479999999999999927e-01
-2.841199999999999837e-01
-4.273500000000000076e-01
-6.288700000000000401e-01
-2.250600000000000100e-01
-2.407900000000000040e-01
-4.522100000000000009e-01
-3.559399999999999786e-01
-5.644900000000000473e-01
-3.711599999999999899e-01
-2.923999999999999932e-01
-4.288699999999999735e-01
-4.547100000000000031e-01
-6.040100000000000469e-01
-6.242199999999999971e-01
-6.169799999999999729e-01
-6.935999999999999943e-01
-6.966599999999999460e-01
-4.548699999999999966e-01
-4.236099999999999866e-01
-7.326799999999999979e-01
-4.738399999999999834e-01
-6.365100000000000202e-01
-5.402400000000000535e-01
-7.831200000000000383e-01
-6.122999999999999554e-01
-7.038900000000000157e-01
-5.672599999999999865e-01
-7.607199999999999518e-01
-7.669700000000000406e-01
-7.980800000000000116e-01
-6.401700000000000168e-01
-7.936999999999999611e-01
-8.694199999999999706e-01
-8.344500000000000250e-01
-7.657899999999999707e-01
-7.793799999999999617e-01
-6.421400000000000441e-01
-7.476899999999999658e-01
-1.006999999999999895e+00
-8.232899999999999663e-01
-8.416200000000000347e-01
-8.972099999999999520e-01
-8.578900000000000414e-01
-8.183300000000000018e-01
-8.834600000000000231e-01
-8.692600000000000326e-01
-1.048300000000000010e+00
-9.212200000000000388e-01
-9.825099999999999945e-01
-7.574100000000000277e-01
-9.175600000000000422e-01
-8.879599999999999715e-01
-9.328699999999999770e-01
-1.007200000000000095e+00
-9.912600000000000300e-01
-9.843899999999999872e-01
-1.034799999999999942e+00
-7.920000000000000373e-01
-9.116900000000000004e-01
-9.934100000000000152e-01
-1.106500000000000039e+00
-1.061299999999999910e+00
-9.798299999999999788e-01
-8.007499999999999618e-01
-1.066400000000000015e+00
-1.176900000000000057e+00
-1.097399999999999931e+00
-1.124900000000000011e+00
-1.154900000000000038e+00
-8.107100000000000417e-01
-1.013700000000000045e+00
-8.641900000000000137e-01
-1.063399999999999901e+00
-1.100200000000000067e+00
-1.019500000000000073e+00
-1.137499999999999956e+00
-8.310199999999999809e-01
-1.006199999999999983e+00
-1.084500000000000020e+00
-1.085800000000000098e+00
-9.171300000000000008e-01
-9.103599999999999470e-01
-9.733000000000000540e-01
-7.818699999999999539e-01
-1.183599999999999985e+00
-7.709200000000000497e-01
-1.023800000000000043e+00
-7.885499999999999732e-01
-8.749500000000000055e-01
-1.003100000000000103e+00
-9.509800000000000475e-01
-8.873600000000000376e-01
-8.567299999999999915e-01
-7.530900000000000372e-01
-7.628099999999999881e-01
-9.112900000000000444e-01
-9.367600000000000371e-01
-1.120800000000000018e+00
-6.281600000000000517e-01
-8.133099999999999774e-01
-8.208900000000000086e-01
-7.517800000000000038e-01
-7.047299999999999676e-01
-7.896699999999999831e-01
-9.356100000000000527e-01
-9.345599999999999463e-01
-6.764700000000000157e-01
-6.717999999999999527e-01
-7.618800000000000017e-01
-7.306899999999999507e-01
-6.794599999999999529e-01
-7.328299999999999814e-01
-9.217999999999999527e-01
-7.334699999999999553e-01
-6.305699999999999639e-01
-7.993599999999999595e-01
-6.729100000000000081e-01
-7.009400000000000075e-01
-4.041100000000000247e-01
-7.154599999999999849e-01
-7.529200000000000337e-01
-3.918800000000000061e-01
-4.170300000000000118e-01
-4.340899999999999759e-01
-5.242999999999999883e-01
-6.470200000000000395e-01
-4.861900000000000110e-01
-5.101099999999999524e-01
-5.014100000000000223e-01
-5.429500000000000437e-01
-3.802599999999999869e-01
-4.067000000000000060e-01
-4.077600000000000113e-01
-5.021999999999999797e-01
-4.626600000000000157e-01
-3.086900000000000199e-01
-2.002200000000000091e-01
-2.944200000000000150e-01
-3.258499999999999730e-01
-6.688500000000000001e-02
-1.585399999999999865e-01
-2.911400000000000099e-01
-1.290800000000000003e-01
-2.213700000000000112e-01
-1.470899999999999985e-01
-1.350300000000000111e-01
-1.525799999999999934e-01
5.660300000000000054e-02
-4.228099999999999914e-02
1.377399999999999979e-03
-1.751199999999999979e-01
-1.819199999999999984e-02
-6.764799999999999980e-02
1.480100000000000027e-01
5.775999999999999884e-02
-4.318500000000000290e-03
-3.503900000000000070e-02
2.670399999999999996e-01
-1.187399999999999983e-01
1.340000000000000080e-01
3.837399999999999839e-02
3.770899999999999808e-01
3.315199999999999814e-01
3.216999999999999860e-01
7.859800000000000120e-02
1.524899999999999867e-01
1.880600000000000049e-01
2.982500000000000151e-01
2.638400000000000190e-01
3.488299999999999734e-01
2.998899999999999899e-01
3.293499999999999761e-01
1.880999999999999894e-01
3.607000000000000206e-01
3.657799999999999940e-01
2.944800000000000195e-01
5.620300000000000296e-01
4.973299999999999943e-01
6.627999999999999448e-01
6.026200000000000445e-01
4.461899999999999755e-01
5.211400000000000476e-01
5.846000000000000085e-01
5.368300000000000294e-01
7.653600000000000403e-01
6.643400000000000416e-01
5.179300000000000015e-01
7.824699999999999989e-01
6.580000000000000293e-01
5.580100000000000060e-01
7.058499999999999774e-01
7.786300000000000443e-01
6.160900000000000265e-01
7.645399999999999974e-01
6.636499999999999622e-01
6.437300000000000244e-01
7.962099999999999733e-01
8.280300000000000438e-01
6.139700000000000157e-01
5.871800000000000352e-01
9.095999999999999641e-01
7.167299999999999782e-01
7.311299999999999466e-01
8.864400000000000057e-01
1.046300000000000008e+00
6.431900000000000395e-01
8.370499999999999607e-01
8.639700000000000157e-01
7.093399999999999705e-01
1.137299999999999978e+00
9.123200000000000198e-01
8.478200000000000180e-01
7.402199999999999891e-01
8.788300000000000001e-01
8.669000000000000039e-01
1.239400000000000057e+00
1.062000000000000055e+00
9.368600000000000261e-01
1.006299999999999972e+00
9.985899999999999777e-01
8.153700000000000392e-01
9.203099999999999614e-01
9.103700000000000125e-01
1.052200000000000024e+00
1.086200000000000054e+00
1.032399999999999984e+00
1.034699999999999953e+00
1.025199999999999889e+00
9.568200000000000038e-01
1.021800000000000042e+00
9.362599999999999811e-01
9.025199999999999889e-01
9.215299999999999603e-01
1.029900000000000038e+00
9.709999999999999742e-01
1.152600000000000069e+00
1.039400000000000102e+00
1.078000000000000069e+00
1.158800000000000052e+00
1.064300000000000024e+00
8.652600000000000291e-01
8.940900000000000514e-01
9.314900000000000402e-01
1.163000000000000034e+00
1.115199999999999969e+00
9.287100000000000355e-01
1.003300000000000081e+00
1.031300000000000106e+00
9.901400000000000201e-01
9.171399999999999553e-01
1.054400000000000004e+00
9.315400000000000347e-01
9.428999999999999604e-01
9.036399999999999988e-01
8.970099999999999740e-01
1.109799999999999898e+00
8.619099999999999540e-01
9.522899999999999698e-01
1.120000000000000107e+00
8.086699999999999999e-01
9.185200000000000031e-01
7.208700000000000108e-01
7.986600000000000366e-01
9.475700000000000234e-01
8.537299999999999889e-01
8.238100000000000422e-01
9.165799999999999503e-01
8.903299999999999548e-01
7.989800000000000235e-01
7.670700000000000296e-01
7.861000000000000210e-01
9.131599999999999717e-01
8.257999999999999785e-01
8.078699999999999770e-01
6.282200000000000006e-01
8.933299999999999574e-01
6.965000000000000080e-01
7.484300000000000397e-01
7.552200000000000024e-01
7.221199999999999841e-01
6.248099999999999765e-01
6.895000000000000018e-01
5.913599999999999968e-01
6.234399999999999942e-01
5.643899999999999473e-01
6.515699999999999825e-01
7.327200000000000379e-01
4.228500000000000036e-01
7.260199999999999987e-01
3.525699999999999945e-01
4.087600000000000122e-01
4.140099999999999891e-01
4.450600000000000112e-01
3.398399999999999754e-01
2.774599999999999844e-01
5.518999999999999462e-01
3.010499999999999843e-01
5.329500000000000348e-01
4.963099999999999734e-01
3.146399999999999753e-01
4.337400000000000144e-01
3.606900000000000106e-01
3.229400000000000048e-01
4.329999999999999960e-01
3.860199999999999743e-01
3.059799999999999742e-01
2.651100000000000123e-01
1.993600000000000094e-01
2.197099999999999886e-01
2.292599999999999916e-01
7.485300000000000287e-02
1.436800000000000022e-01
1.420700000000000018e-01
2.117700000000000138e-01
-3.489899999999999947e-02
-1.082200000000000002e-02
6.797400000000000664e-02
-1.216099999999999993e-02
-4.748499999999999943e-02
1.338300000000000080e-02
4.248600000000000293e-02
-4.411999999999999950e-02
-6.552199999999999691e-02
-8.521499999999999908e-02
4.454099999999999726e-02
5.926399999999999724e-02
-9.366900000000000226e-02
-1.946299999999999975e-01
-7.033399999999999375e-02
-2.697499999999999898e-01
-3.326999999999999957e-01
-2.368999999999999995e-01
-1.837199999999999944e-01
-3.618199999999999750e-01
-3.516099999999999781e-01
-4.494900000000000007e-01
-2.890400000000000191e-01
-4.531800000000000272e-01
-4.224499999999999922e-01
-3.649299999999999766e-01
-5.753899999999999570e-01
-3.024499999999999966e-01
-5.315699999999999870e-01
-6.429200000000000470e-01
-3.361500000000000044e-01
-5.296499999999999542e-01
-5.331700000000000328e-01
-5.266300000000000425e-01
-6.745100000000000540e-01
-5.553399999999999448e-01
-5.385600000000000387e-01
-5.141099999999999559e-01
-4.088100000000000067e-01
-5.876000000000000112e-01
-6.020699999999999941e-01
-6.682799999999999851e-01
-5.556900000000000173e-01
-6.886799999999999589e-01
-6.557199999999999696e-01
-7.461499999999999799e-01
-7.942599999999999660e-01
-7.824100000000000499e-01
-6.848999999999999533e-01
-7.613900000000000112e-01
-7.126900000000000457e-01
-7.426399999999999668e-01
-9.791400000000000103e-01
-7.693999999999999728e-01
-9.514000000000000234e-01
-9.023400000000000309e-01
-8.497700000000000253e-01
-6.530000000000000249e-01
-7.888199999999999656e-01
-1.010299999999999976e+00
-7.772700000000000164e-01
-7.648899999999999588e-01
-9.917500000000000204e-01
-7.734799999999999454e-01
-8.024000000000000021e-01
-8.084799999999999764e-01
-8.690799999999999637e-01
-8.985699999999999799e-01
-8.506099999999999772e-01
-9.199399999999999800e-01
-8.818599999999999772e-01
-1.102100000000000080e+00
-9.195799999999999530e-01
-1.064699999999999980e+00
-9.802499999999999547e-01
-9.389100000000000223e-01
-9.748599999999999488e-01
-1.013300000000000090e+00
-1.017500000000000071e+00
-9.484000000000000208e-01
-9.044799999999999507e-01
-8.695699999999999541e-01
-1.052499999999999991e+00
-9.504599999999999715e-01
-9.646099999999999675e-01
-9.657599999999999518e-01
-8.529099999999999460e-01
-9.347499999999999698e-01
-1.037500000000000089e+00
-9.083499999999999908e-01
-1.043099999999999916e+00
-9.002700000000000147e-01
-9.331199999999999495e-01
-8.512899999999999912e-01
-8.991999999999999993e-01
-9.842699999999999783e-01
-9.406900000000000261e-01
-8.748500000000000165e-01
-9.851600000000000357e-01
-1.049199999999999910e+00
-9.102900000000000436e-01
-9.365499999999999936e-01
-9.038100000000000023e-01
-9.161599999999999744e-01
-1.026999999999999913e+00
-9.529999999999999583e-01
-1.073900000000000077e+00
-8.889399999999999524e-01
-8.856000000000000538e-01
-8.699700000000000211e-01
-7.976100000000000412e-01
-8.502899999999999903e-01
-9.822300000000000475e-01
-9.550499999999999545e-01
-8.870900000000000452e-01
-1.047600000000000087e+00
-9.211700000000000443e-01
-8.700299999999999701e-01
-6.268599999999999728e-01
-8.630200000000000093e-01
-6.975200000000000289e-01
-8.408099999999999463e-01
-8.624000000000000554e-01
-8.068600000000000216e-01
-8.376799999999999802e-01
-6.747999999999999554e-01
-7.317599999999999660e-01
-7.350200000000000067e-01
-4.199600000000000000e-01
-6.607699999999999685e-01
-4.788000000000000034e-01
-6.514900000000000135e-01
-7.904200000000000115e-01
-6.078400000000000469e-01
-6.043699999999999628e-01
-7.473100000000000298e-01
-7.327700000000000324e-01
-5.247300000000000297e-01
-4.380899999999999794e-01
-6.735900000000000221e-01
-6.068400000000000460e-01
-7.242199999999999749e-01
-5.508399999999999963e-01
-6.684200000000000141e-01
-4.767299999999999871e-01
-6.008000000000000007e-01
-5.223100000000000520e-01
-5.283299999999999663e-01
-4.597999999999999865e-01
-5.637699999999999934e-01
-3.891200000000000214e-01
-4.138499999999999956e-01
-3.852599999999999913e-01
-3.143000000000000238e-01
-2.916300000000000003e-01
-2.833600000000000008e-01
-2.360299999999999898e-01
-2.469099999999999906e-01
-1.816800000000000082e-01
-3.135499999999999954e-01
-9.484800000000000175e-02
-2.472999999999999921e-01
2.858899999999999983e-02
-1.019999999999999934e-01
-7.655499999999999979e-03
-1.549699999999999966e-01
-2.626900000000000068e-02
-1.799199999999999966e-01
-1.698900000000000132e-01
-1.404100000000000070e-01
-2.110300000000000023e-02
-6.486599999999999311e-02
0.000000000000000000e+00
0.000000000000000000e+00
0.000000000000000000e+00
0.000000000000000000e+00
0.000000000000000000e+00
0.000000000000000000e+00
0.000000000000000000e+00
0.000000000000000000e+00
0.000000000000000000e+00
0.000000000000000000e+00
0.000000000000000000e+00
0.000000000000000000e+00
0.000000000000000000e+00
0.000000000000000000e+00
0.000000000000000000e+00
0.000000000000000000e+00
0.000000000000000000e+00
0.000000000000000000e+00
0.000000000000000000e+00
0.000000000000000000e+00
0.000000000000000000e+00
0.000000000000000000e+00
0.000000000000000000e+00
0.000000000000000000e+00
0.000000000000000000e+00
0.000000000000000000e+00
0.000000000000000000e+00
0.000000000000000000e+00
0.000000000000000000e+00
0.000000000000000000e+00
0.000000000000000000e+00
0.000000000000000000e+00
0.000000000000000000e+00
0.000000000000000000e+00
0.000000000000000000e+00
0.000000000000000000e+00
0.000000000000000000e+00
0.000000000000000000e+00
0.000000000000000000e+00
0.000000000000000000e+00
0.000000000000000000e+00
0.000000000000000000e+00
0.000000000000000000e+00
0.000000000000000000e+00
0.000000000000000000e+00
0.000000000000000000e+00
0.000000000000000000e+00
0.000000000000000000e+00
0.000000000000000000e+00
0.000000000000000000e+00
0.000000000000000000e+00
0.000000000000000000e+00
0.000000000000000000e+00
0.000000000000000000e+00
0.000000000000000000e+00
0.000000000000000000e+00
0.000000000000000000e+00
0.000000000000000000e+00
0.000000000000000000e+00
0.000000000000000000e+00
0.000000000000000000e+00
0.000000000000000000e+00
0.000000000000000000e+00
0.000000000000000000e+00
0.000000000000000000e+00
0.000000000000000000e+00
0.000000000000000000e+00
0.000000000000000000e+00
0.000000000000000000e+00
0.000000000000000000e+00
0.000000000000000000e+00
0.000000000000000000e+00
0.000000000000000000e+00
0.000000000000000000e+00
0.000000000000000000e+00
0.000000000000000000e+00
0.000000000000000000e+00
0.000000000000000000e+00
0.000000000000000000e+00
0.000000000000000000e+00
0.000000000000000000e+00
0.000000000000000000e+00
0.000000000000000000e+00
0.000000000000000000e+00
0.000000000000000000e+00
0.000000000000000000e+00
0.000000000000000000e+00
0.000000000000000000e+00
0.000000000000000000e+00
0.000000000000000000e+00
0.000000000000000000e+00
0.000000000000000000e+00
0.000000000000000000e+00
0.000000000000000000e+00
0.000000000000000000e+00
0.000000000000000000e+00
0.000000000000000000e+00
0.000000000000000000e+00
0.000000000000000000e+00
0.000000000000000000e+00
