1.000000000000000000e+00
9.238795325112867385e-01
7.071067811865475727e-01
3.826834323650896152e-01
6.123233995736766036e-17
-3.826834323650897263e-01
-7.071067811865477948e-01
-9.238795325112868495e-01
-1.000000000000000000e+00
-9.238795325112867385e-01
-7.071067811865476838e-01
-3.826834323650895042e-01
7.044813998280222143e-16
3.826834323650900038e-01
7.071067811865480168e-01
9.238795325112865164e-01
1.000000000000000000e+00
9.238795325112867385e-01
7.071067811865476838e-01
3.826834323650896708e-01
3.061616997868383141e-16
-3.826834323650898373e-01
-7.071067811865479058e-01
-9.238795325112871826e-01
-1.000000000000000000e+00
-9.238795325112867385e-01
-7.071067811865472397e-01
-3.826834323650889491e-01
1.347730459698676854e-15
3.826834323650913916e-01
7.071067811865465735e-01
9.238795325112864054e-01
1.000000000000000000e+00
9.238795325112867385e-01
7.071067811865472397e-01
3.826834323650906700e-01
5.510910596163089556e-16
-3.826834323650896708e-01
-7.071067811865476838e-01
-9.238795325112870716e-01
-1.000000000000000000e+00
-9.238795325112861834e-01
-7.071067811865474617e-01
-3.826834323650907810e-01
1.102801099869206164e-15
3.826834323650895597e-01
7.071067811865489050e-01
9.238795325112869605e-01
1.000000000000000000e+00
9.238795325112861834e-01
7.071067811865474617e-01
3.826834323650876168e-01
-9.803364199544708184e-16
-3.826834323650927239e-01
-7.071067811865487940e-01
-9.238795325112869605e-01
-1.000000000000000000e+00
-9.238795325112861834e-01
-7.071067811865450192e-01
-3.826834323650877834e-01
-2.694841938760765259e-15
3.826834323650892822e-01
7.071067811865461294e-01
9.238795325112868495e-01
1.000000000000000000e+00
9.238795325112876267e-01
7.071067811865476838e-01
3.826834323650911696e-01
-7.354070601250002263e-16
-3.826834323650891712e-01
-7.071067811865461294e-01
-9.238795325112868495e-01
-1.000000000000000000e+00
-9.238795325112862944e-01
-7.071067811865476838e-01
-3.826834323650912251e-01
6.129423802102649795e-16
3.826834323650891156e-01
7.071067811865485719e-01
9.238795325112867385e-01
